6.0949999999999998 79
11.818 79
15.659000000000001 25
19.898 25
20.516999999999999 40
23.539999999999999 25
28.715 25
29.670000000000002 26
35.876999999999995 114
36.170999999999999 26
36.475999999999999 9
45.993000000000002 26
47.866000000000007 116
50.931000000000004 116
53.638000000000005 114
54.094999999999999 116
56.828999999999994 22
57.693999999999996 116
58.733000000000004 114
58.761000000000003 25
61.801000000000002 24
62.231999999999999 26
65.218000000000004 108
67.140000000000001 27
68.116 106
68.271000000000001 22
68.36399999999999 24
69.757000000000005 23
70.484999999999999 26
72.945999999999998 27
76.641999999999996 25
76.736000000000004 23
78.100999999999999 27
83.780000000000001 27
84.317999999999998 72
87.572999999999993 16
87.907000000000011 72
91.201000000000008 27
93.827000000000012 25
95.271000000000001 79
97.528999999999996 25
97.945999999999998 26
98.453999999999994 27
98.588999999999999 23
100.964 79
102.655 25
105.67700000000001 27
114.75700000000001 22
115.01100000000001 108
115.999 25
118.87100000000001 24
120.47499999999999 114
129.624 106
130.285 30
134.14600000000002 30
134.72899999999998 26
136.11799999999999 27
142.14600000000002 27
146.869 25
147.64600000000002 27
150.864 25
153.35499999999999 26
156.364 25
158.85499999999999 107
167.15900000000002 27
170.61799999999999 26
170.83199999999999 29
171.762 116
173.57400000000001 27
174.46799999999999 29
174.82599999999999 106
174.827 116
177.99299999999999 116
179.50400000000002 22
180.06200000000001 27
181.65299999999999 116
186.31900000000002 23
189.453 25
189.69400000000002 114
189.92700000000002 30
191.739 111
193.75 30
194.703 114
194.98099999999999 111
197.262 25
198.792 111
199.07299999999998 27
199.93000000000001 22
204.315 25
206.36500000000001 27
211.34400000000002 25
220.30700000000002 69
220.34099999999998 27
223.208 25
225.09799999999998 27
225.697 112
227.74599999999998 26
228.06599999999997 23
228.303 25
228.822 50
231.78599999999997 113
232.41400000000002 50
233.78999999999999 27
237.916 25
240.12599999999998 110
241.43700000000001 26
241.577 25
242.07599999999999 22
243.18000000000001 107
246.83199999999999 25
247.16999999999999 110
250.42599999999999 27
252.047 110
255.459 26
256.35599999999999 25
260.55500000000001 25
263.30599999999998 27
265.23200000000003 26
265.404 30
268.99799999999999 114
269.25400000000002 30
271.06099999999998 106
275.89499999999998 118
276.22700000000003 26
279.43599999999998 107
281.11400000000003 118
284.04599999999999 79
290.12400000000002 79
290.33600000000001 26
291.851 27
298.34199999999998 26
298.36400000000003 25
302.13900000000001 114
302.483 25
302.98200000000003 29
305.83699999999999 114
306.60700000000003 29
309.09100000000001 25
309.91800000000001 112
310.66700000000003 26
310.75400000000002 27
315.80700000000002 112
316.72399999999999 20
316.96199999999999 27
317.31200000000001 26
320.80700000000002 30
323.74700000000001 50
324.16200000000003 27
324.50299999999999 25
324.62400000000002 30
327.31400000000002 114
327.334 50
328.60500000000002 25
329.36000000000001 108
334.01900000000001 25
336.27699999999999 27
350.79000000000002 25
354.399 25
358.69 25
359.839 116
360.67900000000003 27
361.03699999999998 118
362.90300000000002 116
365.81999999999999 25
366.06599999999997 116
369.69999999999999 116
370.11099999999999 27
373.82800000000003 79
375.57499999999999 27
379.72399999999999 79
383.96899999999999 27
384.858 30
385.84100000000001 25
387.423 24
388.67900000000003 30
393.60300000000001 27
397.01999999999998 108
398.04500000000002 26
401.04300000000001 27
402.58600000000001 25
406.09199999999998 110
406.66900000000004 29
406.83499999999998 25
410.29300000000001 29
414.11699999999996 27
415.22900000000004 25
416.529 26
423.75699999999995 27
425.71800000000002 50
429.11699999999996 26
429.30800000000005 50
430.298 24
431.75 22
434.13999999999999 25
435.11000000000001 27
436.56400000000002 29
439.51900000000001 110
440.10900000000004 29
444.15800000000002 25
446.81099999999998 29
448.27999999999997 109
448.61500000000001 26
450.38300000000004 27
454.01599999999996 25
455.42199999999997 27
457.96899999999999 25
460.22000000000003 12
462.58300000000003 107
466.98500000000001 27
469.673 25
471.90899999999999 22
472.51599999999996 26
473.57999999999998 25
479.34899999999999 26
481.67400000000004 54
482.94999999999999 106
483.42800000000005 25
483.75300000000004 27
485.22199999999998 110
486.82599999999996 54
487.75400000000002 23
492.54000000000002 29
494.63900000000001 111
495.99099999999999 23
496.15100000000001 29
496.517 22
497.88599999999997 111
497.97500000000002 25
498.76800000000003 26
501.66900000000004 113
501.78100000000001 111
504.31800000000004 50
506.30500000000001 107
507.89599999999996 50
507.91300000000001 22
508.58999999999997 26
508.92900000000003 25
509.61500000000001 9
509.79599999999999 23
510.04000000000002 79
511.26800000000003 115
512.245 24
512.70500000000004 22
513.15199999999993 27
513.55799999999999 25
514.01599999999996 9
514.24900000000002 23
514.39199999999994 30
515.46000000000004 112
515.87300000000005 116
515.97800000000007 26
516.04599999999994 79
517.62400000000002 25
517.85599999999999 24
518.18600000000004 30
518.93600000000004 116
519.59000000000003 23
519.83300000000008 112
520.21800000000007 27
520.32400000000007 22
521.79300000000001 25
522.09500000000003 116
522.15699999999993 9
523.17499999999995 24
523.49599999999998 26
525.22900000000004 23
525.71500000000003 116
525.91199999999992 114
526.11199999999997 27
526.11300000000006 25
527.33900000000006 13
527.58600000000001 14
528.27699999999993 26
530.20400000000006 25
530.61000000000001 24
530.952 114
531.92599999999993 27
532.60400000000004 23
532.87900000000002 26
533.36500000000001 118
533.73300000000006 111
534.56399999999996 18
534.90099999999995 0
535.40599999999995 25
536.00300000000004 117
536.75599999999997 23
536.77300000000002 24
536.78499999999997 27
536.96900000000005 111
537.19200000000001 22
537.51599999999996 9
538.93700000000001 18
539.08400000000006 118
539.25900000000001 26
540.69900000000007 25
540.74699999999996 27
540.80899999999997 111
541.42099999999994 23
541.77300000000002 110
542.68499999999995 24
542.92200000000003 18
543.23500000000001 22
543.76499999999999 113
544.90699999999993 27
546.41399999999999 25
547.21500000000003 26
547.84800000000007 24
547.87699999999995 23
548.029 116
548.21800000000007 18
548.24199999999996 113
548.404 30
548.54499999999996 9
549.45500000000004 29
550.93100000000004 25
551.09100000000001 116
551.13 27
551.58100000000002 14
551.58800000000008 18
551.73400000000004 26
552.11000000000001 30
552.44200000000001 23
553.04999999999995 29
553.90499999999997 24
554.24300000000005 116
554.78499999999997 22
555.18700000000001 18
555.59100000000001 112
555.87099999999998 26
555.90599999999995 27
556.19399999999996 13
556.64400000000001 9
557.26599999999996 25
557.82299999999998 116
558.21300000000008 23
558.70000000000005 10
559.87699999999995 111
560.42700000000002 27
560.58600000000001 24
560.73199999999997 14
560.88699999999994 26
561.22300000000007 16
562.096 25
562.86599999999999 22
563.11599999999999 111
565.25900000000001 17
565.36300000000006 27
566.04999999999995 108
566.33500000000004 10
566.58300000000008 23
566.91599999999994 111
567.97300000000007 25
568.09900000000005 109
568.18899999999996 24
568.65599999999995 107
569.83100000000002 18
569.98300000000006 114
570.65099999999995 27
570.76999999999998 17
571.22800000000007 108
572.29999999999995 12
572.43499999999995 10
572.85900000000004 109
573.10300000000007 2
573.43299999999999 107
574.03999999999996 26
574.95299999999997 114
574.99800000000005 22
575.33300000000008 24
575.74699999999996 30
575.82500000000005 25
576.05899999999997 27
578.32299999999998 23
579.28199999999993 26
579.43799999999999 30
579.798 17
580.75300000000004 27
580.89800000000002 25
582.15699999999993 107
583.06899999999996 26
583.51800000000003 5
584.38199999999995 20
585.06700000000001 27
585.19000000000005 25
585.63900000000001 24
585.99900000000002 12
586.21900000000005 23
586.24400000000003 107
586.36000000000001 22
586.94000000000005 26
588.89999999999998 27
589.95400000000006 4
590.54899999999998 18
590.66199999999992 20
591.32500000000005 24
591.57100000000003 26
591.73400000000004 17
591.76099999999997 114
593.49800000000005 25
594.13400000000001 27
594.64499999999998 10
595.10800000000006 18
595.19100000000003 20
595.53699999999992 23
595.85300000000007 114
596.76699999999994 115
596.78099999999995 26
597.15300000000002 19
597.25900000000001 25
598.13400000000001 22
598.721 24
598.87900000000002 27
598.899 12
599.04199999999992 20
600.27199999999993 23
600.51800000000003 16
600.96800000000007 26
601.67499999999995 25
601.70400000000006 21
602.79199999999992 27
603.93799999999999 19
604.20900000000006 17
605.72800000000007 26
605.74199999999996 22
606.24900000000002 21
606.65499999999997 27
606.77300000000002 25
607.01199999999994 10
607.28399999999999 113
608.61300000000006 114
609.47199999999998 23
609.57299999999998 112
609.697 24
611.06600000000003 107
611.12199999999996 27
611.27199999999993 14
611.803 22
612.04099999999994 113
612.14199999999994 26
614.18399999999997 16
614.26800000000003 25
614.59000000000003 112
615.25099999999998 107
616.72300000000007 20
617.14199999999994 10
617.18799999999999 27
617.47500000000002 24
617.94000000000005 25
618.101 114
619.50999999999999 26
619.59400000000005 23
621.03899999999999 20
622.16199999999992 15
622.16499999999996 27
622.38900000000001 25
622.53899999999999 114
624.13499999999999 22
624.90899999999999 20
624.91699999999992 24
625.31200000000001 10
625.39499999999998 23
625.46000000000004 26
626.56500000000005 27
627.029 106
628.22300000000007 25
628.38999999999999 115
628.99199999999996 20
630.04199999999992 26
630.25400000000002 119
630.45000000000005 24
630.67999999999995 107
631.48400000000004 106
631.59400000000005 27
632.27699999999993 23
632.83100000000002 10
633.42399999999998 16
633.78399999999999 25
633.98800000000006 21
635.01300000000003 26
635.71199999999999 30
636.06500000000005 111
636.20699999999999 4
636.91499999999996 118
637.01199999999994 27
638.64300000000003 10
638.90899999999999 116
639.20900000000006 25
639.23300000000006 113
639.34300000000007 23
639.53599999999994 30
640.346 24
640.37800000000004 26
640.68399999999997 22
641.57000000000005 114
641.64599999999996 118
641.94799999999998 27
641.971 116
642.83500000000004 16
644.10199999999998 113
645.12 116
645.19500000000005 26
646.01300000000003 22
646.52499999999998 25
647.74699999999996 24
648.08300000000008 10
648.62300000000005 116
648.81200000000001 27
649.13199999999995 23
649.32500000000005 54
649.74099999999999 26
651.23599999999999 17
652.14699999999993 108
652.452 25
653.67599999999993 26
653.84500000000003 116
654.26599999999996 24
654.428 54
654.79599999999994 23
655.16800000000001 22
656.18399999999997 29
656.47399999999993 25
657.15199999999993 20
657.32899999999995 108
657.66100000000006 50
657.87699999999995 26
659.81799999999998 29
660.70699999999999 23
660.72300000000007 25
661.22899999999993 50
661.24199999999996 20
661.37 27
662.25600000000009 24
662.34300000000007 110
662.90600000000006 22
663.21199999999999 26
665.57500000000005 21
666.17700000000002 25
666.24899999999991 110
667.19500000000005 54
667.35399999999993 20
667.88999999999999 26
668.04199999999992 27
669.51699999999994 21
670.19799999999998 22
671.34500000000003 110
671.35399999999993 23
671.42899999999997 20
671.55799999999999 54
671.6160000000001 24
672.17499999999995 107
672.37600000000009 116
672.74000000000001 26
674.00600000000009 21
674.08399999999995 25
674.31399999999996 109
675.09000000000003 16
675.43799999999999 116
675.54499999999996 20
675.54700000000003 15
675.94600000000003 22
676.5139999999999 23
677.24699999999996 107
677.38300000000004 26
677.995 27
678.20600000000002 11
678.59100000000001 116
679.24000000000001 25
679.62800000000004 17
680.74000000000001 21
681.80799999999999 22
682.15100000000007 116
683.72199999999998 26
684.029 24
684.03999999999996 25
684.22500000000002 27
685.02300000000002 109
685.56299999999999 23
685.73300000000006 21
687.67200000000003 15
688.70800000000008 26
688.71500000000003 25
689.07100000000003 24
689.625 22
690.327 21
691.62100000000009 11
692.75199999999995 25
693.16399999999999 27
693.73100000000011 113
693.86399999999992 23
694.51300000000003 22
694.51600000000008 21
695.29199999999992 26
697.74399999999991 25
697.83699999999999 113
697.95500000000004 7
699.41499999999996 27
701.66899999999998 22
702.346 25
703.39999999999998 26
703.51300000000003 21
704.21600000000001 24
705.00600000000009 27
706.91899999999998 22
707.22000000000003 23
708.04899999999998 25
709.47600000000011 118
709.923 117
710.20500000000004 109
710.21199999999999 27
710.42200000000003 26
710.92399999999998 19
711.84699999999998 15
711.91100000000006 22
712.80899999999997 113
713.08600000000001 114
713.87 118
713.90199999999993 25
715.673 109
716.01899999999989 24
716.79700000000003 27
716.85399999999993 26
717.48199999999997 21
717.53699999999992 112
717.596 115
718.428 25
719.26100000000008 108
720.29600000000005 116
721.298 26
722.79199999999992 25
723.35899999999992 116
725.23300000000006 23
726.51199999999994 27
726.5139999999999 116
726.73899999999992 25
726.80700000000002 26
728.51600000000008 22
729.16699999999992 15
730.12300000000005 116
731.56299999999999 19
731.81399999999996 25
732.69399999999996 24
732.798 26
733.0139999999999 22
733.53499999999997 23
735.072 112
735.60800000000006 115
736.31500000000005 108
738.89100000000008 26
739.39699999999993 25
740.44899999999996 22
740.89499999999998 108
744.33300000000008 27
744.56500000000005 26
745.14899999999989 112
745.16800000000001 25
745.40800000000002 22
745.74699999999996 9
745.82399999999996 15
748.22000000000003 26
748.28999999999996 24
750.10300000000007 22
750.51499999999999 8
750.60600000000011 25
750.71199999999999 27
750.87600000000009 18
752.00199999999995 26
752.33000000000004 13
752.84699999999998 107
752.91300000000001 19
753.529 9
755.16699999999992 22
755.322 25
755.99199999999996 24
756.12300000000005 27
756.38999999999999 107
756.45399999999995 26
756.96600000000001 15
757.14199999999994 19
757.24699999999996 23
758.428 9
758.99699999999996 0
759.06200000000001 21
759.63600000000008 25
760.79399999999998 5
760.81899999999996 26
760.88199999999995 107
761.39300000000003 27
762.2410000000001 22
762.447 19
762.77699999999993 24
763.74300000000005 23
763.94000000000005 25
764.91300000000001 26
765.0 9
766.56299999999999 11
767.65800000000002 0
767.70399999999995 25
768.36800000000005 22
768.572 23
768.89199999999994 13
769.22500000000002 117
769.56299999999999 19
769.697 8
770.03699999999992 24
770.27300000000002 26
771.65100000000007 9
772.25 25
772.2639999999999 27
773.31399999999996 22
773.38100000000009 23
774.57399999999996 108
775.23300000000006 26
775.74699999999996 11
775.81500000000005 19
775.98100000000011 24
776.55399999999997 25
776.63800000000003 27
778.10600000000011 23
779.16399999999999 26
780.029 22
780.16699999999992 108
780.447 25
781.12399999999991 9
781.20000000000005 107
781.69200000000001 50
782.59800000000007 19
782.74699999999996 13
783.673 24
784.07100000000003 26
784.96100000000001 14
785.15499999999997 22
785.18700000000001 25
785.27499999999998 50
785.29600000000005 27
787.06500000000005 19
787.39499999999998 107
787.61699999999996 9
788.32000000000005 26
789.71899999999994 25
791.06100000000004 24
791.27499999999998 5
791.40999999999997 107
793.03899999999999 13
793.14499999999998 23
793.93100000000004 19
794.46699999999998 27
794.96699999999998 25
795.37399999999991 14
797.12199999999996 24
798.06899999999996 107
798.45600000000002 23
798.70899999999995 26
799.32000000000005 18
799.50600000000009 19
799.56700000000001 21
799.86500000000001 13
799.88199999999995 25
801.29399999999998 27
801.39100000000008 9
801.95800000000008 14
802.21399999999994 107
803.16300000000001 18
804.01600000000008 26
804.38999999999999 23
804.54300000000001 0
804.90999999999997 24
806.3660000000001 25
807.34699999999998 16
807.64899999999989 18
808.17100000000005 27
810.22399999999993 26
810.23899999999992 22
811.08000000000004 23
811.45800000000008 106
811.49300000000005 24
811.64899999999989 18
811.71100000000001 25
811.72699999999998 10
812.56899999999996 27
813.16399999999999 19
814.95100000000002 106
816.02499999999998 18
816.74199999999996 27
816.86000000000001 26
818.36500000000001 22
819.24800000000005 23
819.39699999999993 115
819.8610000000001 10
820.12399999999991 24
820.31200000000001 17
820.36000000000001 18
820.52300000000002 106
820.84199999999998 19
821.06600000000003 14
821.53800000000001 26
821.7589999999999 13
822.41699999999992 27
824.16300000000001 18
825.48800000000006 19
826.53300000000002 27
827.58500000000004 10
827.70699999999999 18
828.3660000000001 14
830.17100000000005 24
830.505 26
831.21300000000008 27
832.49199999999996 25
833.10600000000011 21
833.31700000000001 113
833.33500000000004 23
833.67700000000002 18
835.69899999999996 27
836.548 24
837.56200000000001 16
838.02800000000002 113
838.53800000000001 26
839.35199999999998 21
840.19899999999996 25
841.154 27
841.16999999999996 24
842.19899999999996 23
843.01300000000003 17
844.48800000000006 22
844.93299999999999 26
845.02600000000007 27
845.22000000000003 14
845.24899999999991 10
847.21399999999994 25
848.08699999999999 24
848.74800000000005 27
848.88199999999995 23
850.05399999999997 12
851.27699999999993 116
852.86000000000001 22
853.19100000000003 27
853.22500000000002 21
853.49800000000005 25
854.01199999999994 17
854.30700000000002 116
854.59800000000007 26
854.63999999999999 23
857.35699999999997 116
858.0139999999999 27
858.23800000000006 22
858.39699999999993 24
858.83199999999999 10
859.04399999999998 26
859.58800000000008 29
860.13999999999999 23
860.49800000000005 116
861.07299999999998 25
861.89499999999998 27
862.8610000000001 20
863.22399999999993 29
863.96100000000001 24
864.03899999999999 116
864.08800000000008 26
864.69600000000003 22
864.76300000000003 23
865.76199999999994 25
866.44299999999998 27
868.02800000000002 110
868.37600000000009 18
868.78100000000006 10
869.38300000000004 20
870.80600000000004 25
871.05399999999997 27
871.68799999999999 23
873.81399999999996 20
873.87899999999991 26
876.28699999999992 24
876.50600000000009 27
879.44500000000005 20
879.74800000000005 22
880.36300000000006 23
880.75399999999991 26
881.16499999999996 27
881.78699999999992 4
882.57899999999995 25
882.76899999999989 15
883.53899999999999 20
883.76199999999994 21
885.24899999999991 116
886.32600000000002 24
887.01199999999994 1
887.15499999999997 26
887.54499999999996 108
887.58000000000004 21
891.47300000000007 20
891.68100000000004 23
891.98000000000002 25
892.24800000000005 27
892.61699999999996 24
893.87800000000004 22
895.11399999999992 26
896.42899999999997 106
896.70500000000004 25
897.21100000000001 23
897.327 21
897.37399999999991 27
899.14199999999994 22
899.77600000000007 24
900.245 26
901.31100000000004 25
901.92200000000003 27
904.39300000000003 23
904.98800000000006 106
905.447 22
907.41499999999996 27
908.10000000000002 17
910.03999999999996 25
910.66600000000005 26
911.26199999999994 11
912.846 23
913.93600000000004 27
913.98000000000002 24
915.77499999999998 26
917.06500000000005 25
917.20299999999997 22
922.41899999999998 25
924.35199999999998 15
924.72600000000011 21
925.76899999999989 11
925.95699999999999 27
926.77100000000007 26
928.06600000000003 22
928.27199999999993 25
929.62699999999995 21
930.19000000000005 112
931.48199999999997 15
931.59199999999998 27
931.76600000000008 7
931.88199999999995 107
932.04700000000003 26
932.93399999999997 106
933.70399999999995 29
933.8839999999999 21
936.70600000000002 26
936.92399999999998 27
937.31600000000003 29
937.39800000000002 24
941.048 26
941.49199999999996 25
942.35699999999997 11
943.22600000000011 27
944.32299999999998 22
946.18499999999995 26
946.67399999999998 16
946.69299999999998 25
951.56299999999999 22
951.57600000000002 23
952.02399999999989 26
952.03100000000006 25
953.0 27
955.76600000000008 111
956.27399999999989 26
956.375 25
956.64999999999998 24
957.38699999999994 15
957.64600000000007 27
958.3610000000001 22
960.29399999999998 26
962.75699999999995 3
962.76999999999998 27
963.50100000000009 22
964.02199999999993 25
965.36300000000006 26
966.11800000000005 24
968.30600000000004 25
969.28899999999999 22
969.64800000000002 27
969.79499999999996 16
970.34199999999998 26
971.23800000000006 23
971.58300000000008 19
972.99699999999996 25
973.07000000000005 24
974.08600000000001 22
974.74300000000005 26
974.84500000000003 107
977.06100000000004 25
977.86000000000001 117
978.75100000000009 13
979.86000000000001 26
981.24399999999991 27
982.68299999999999 117
982.904 25
985.30100000000004 19
986.13300000000004 26
986.94100000000003 22
987.1389999999999 0
987.42600000000004 25
988.553 9
989.97199999999998 27
990.48399999999992 26
991.072 24
991.48899999999992 25
991.596 13
991.73000000000002 23
993.24600000000009 22
994.47899999999993 19
995.33600000000001 26
995.38199999999995 27
995.67600000000004 24
996.70000000000005 23
997.35399999999993 25
999.30100000000004 19
999.87 13
1000.88 26
1001.447 24
1001.502 9
1002.388 25
1003.441 23
1004.1419999999999 22
1006.2810000000001 26
1006.482 25
1007.023 24
1007.954 11
1008.454 27
1008.465 23
1009.471 22
1010.2 25
1010.944 26
1011.563 0
1012.2669999999999 24
1012.3989999999999 5
1013.075 23
1013.2239999999999 14
1013.721 27
1014.1030000000001 25
1014.184 11
1014.9580000000001 22
1015.193 26
1017.6419999999999 24
1018.528 23
1018.86 2
1020.2539999999999 22
1020.6410000000001 26
1020.755 25
1021.0069999999999 27
1021.3560000000001 11
1021.518 18
1022.941 24
1024.5029999999999 23
1025.528 25
1026.29 26
1027.1099999999999 9
1027.8030000000001 27
1029.104 18
1029.338 24
1031.086 13
1031.4460000000001 23
1031.5619999999999 25
1032.48 27
1032.5799999999999 22
1032.877 14
1033.489 18
1033.6880000000001 24
1034.8139999999999 26
1035.2910000000002 25
1036.3789999999999 27
1036.9639999999999 23
1037.9580000000001 22
1039.1469999999999 24
1039.1989999999998 9
1039.742 25
1040.617 27
1040.8810000000001 26
1043.7449999999999 17
1043.854 24
1043.923 23
1044.653 18
1044.777 25
1046.2169999999999 14
1046.991 27
1047.347 26
1048.0610000000001 16
1048.4649999999999 13
1050.9100000000001 24
1051.566 109
1052.8019999999999 23
1053.73 13
1054.0319999999999 27
1054.2850000000001 14
1055.317 25
1055.4080000000001 22
1055.8010000000002 16
1056.2919999999999 26
1056.3239999999998 19
1056.328 109
1056.373 5
1057.643 24
1058.3419999999999 27
1058.704 23
1058.711 18
1058.8710000000001 13
1061.3630000000001 14
1061.845 25
1062.1600000000001 18
1063.1400000000001 26
1063.5710000000001 24
1063.6580000000001 23
1064.4760000000001 27
1065.798 22
1065.8310000000001 20
1066.577 25
1067.0170000000001 116
1067.665 18
1068.607 27
1070.1960000000001 0
1071.414 25
1071.7260000000001 23
1071.742 18
1072.1569999999999 107
1073.059 13
1073.181 10
1073.2750000000001 27
1075.568 18
1076.376 26
1076.3889999999999 24
1077.0599999999999 25
1078.971 10
1079.693 27
1079.787 23
1079.8519999999999 22
1080.806 18
1081.1800000000001 26
1081.6079999999999 24
1083.5930000000001 27
1084.0550000000001 10
1084.3489999999999 17
1084.558 23
1084.8099999999999 13
1084.826 14
1085.546 18
1085.5510000000002 22
1087.5510000000002 27
1087.5730000000001 24
1088.278 11
1089.8119999999999 26
1092.229 27
1093.1279999999999 10
1094.586 26
1094.5989999999999 20
1094.9369999999999 14
1095.0119999999999 19
1095.3030000000001 17
1095.633 23
1096.1800000000001 106
1096.432 27
1098.001 108
1098.4649999999999 117
1098.635 10
1099.0599999999999 20
1099.2339999999999 24
1099.672 26
1100.056 14
1101.123 27
1101.5989999999999 22
1102.681 20
1103.4739999999999 16
1103.576 23
1106.268 20
1106.953 27
1107.0430000000001 26
1108.3030000000001 25
1108.6960000000001 10
1108.9360000000001 18
1110.259 20
1110.615 22
1110.6220000000001 11
1111.26 27
1112.2470000000001 26
1112.3779999999999 17
1113.3139999999999 25
1113.6980000000001 24
1114.115 18
1114.7180000000001 10
1115.27 27
1119.3130000000001 20
1119.3889999999999 27
1119.4449999999999 1
1120.1569999999999 23
1120.2860000000001 22
1121.1869999999999 25
1122.117 17
1123.4089999999999 10
1123.4639999999999 26
1123.4769999999999 19
1123.644 27
1124.4960000000001 18
1124.663 20
1124.7739999999999 24
1125.549 23
1127.23 22
1127.27 1
1127.971 17
1128.3199999999999 20
1128.704 26
1130.866 23
1130.963 27
1132.5539999999999 24
1132.7080000000001 20
1133.164 17
1135.3440000000001 27
1135.644 26
1136.6469999999999 20
1137.346 21
1139.356 19
1140.4389999999999 27
1140.5599999999999 17
1141.9100000000001 20
1142.2429999999999 21
1143.3019999999999 26
1145.5839999999998 27
1148.548 22
1148.5519999999999 12
1148.777 26
1149.1860000000001 24
1149.2830000000001 23
1149.6849999999999 20
1150.723 27
1151.452 25
1152.0830000000001 15
1152.921 26
1155.4949999999999 23
1155.7180000000001 25
1156.184 27
1157.45 26
1157.6300000000001 24
1158.098 22
1160.0360000000001 25
1161.9059999999999 26
1162.7670000000001 20
1163.9690000000001 27
1164.165 21
1166.538 26
1169.2930000000001 24
1169.7239999999999 25
1170.9100000000001 10
1171.3699999999999 21
1172.0170000000001 26
1172.518 22
1174.442 25
1176.6700000000001 21
1178.078 113
1178.2360000000001 26
1179.009 25
1179.3319999999999 23
1180.626 27
1181.46 17
1183.491 26
1184.442 22
1184.8319999999999 21
1186.037 117
1186.576 112
1186.6559999999999 27
1187.6800000000001 25
1188.5839999999998 26
1188.8810000000001 21
1189.6410000000001 15
1192.126 25
1193.307 21
1193.309 114
1193.558 27
1195.614 26
1196.78 25
1197.241 23
1197.3210000000001 24
1197.6500000000001 11
1198.396 21
1199.1510000000001 27
1199.3210000000001 22
1199.49 3
1200.306 15
1201.079 26
1201.2460000000001 25
1205.5710000000001 26
1206.797 24
1207.691 25
1207.7139999999999 23
1210.45 22
1211.26 26
1212.0810000000001 27
1212.671 19
1212.9059999999999 25
1212.954 24
1215.8969999999999 22
1216.3630000000001 26
1218.1189999999999 25
1218.479 13
1219.6010000000001 117
1220.4110000000001 27
1220.809 23
1221.0719999999999 22
1221.3440000000001 26
1221.662 24
1222.191 112
1222.4760000000001 25
1223.693 3
1224.0260000000001 118
1226.3620000000001 25
1226.3869999999999 26
1226.537 22
1226.9970000000001 117
1230.528 25
1231.9949999999999 8
1232.546 13
1232.7280000000001 9
1233.8579999999999 26
1234.0930000000001 0
1234.597 22
1234.605 27
1235.079 25
1235.5510000000002 117
1235.9829999999999 24
1239.279 26
1239.691 13
1240.279 22
1240.318 3
1240.732 25
1241.4760000000001 23
1241.95 24
1242.8440000000001 8
1244.462 14
1244.7180000000001 9
1245.421 25
1246.489 23
1246.7730000000001 22
1246.9749999999999 19
1247.2919999999999 27
1248.1369999999999 24
1249.0899999999999 26
1250.7460000000001 19
1250.826 25
1252.3530000000001 22
1252.5619999999999 23
1253.2360000000001 27
1253.423 13
1253.9089999999999 24
1254.2260000000001 7
1254.6030000000001 14
1255.7439999999999 25
1255.9380000000001 19
1256.402 9
1257.2919999999999 26
1257.5330000000001 22
1257.6110000000001 23
1257.624 5
1259.3440000000001 24
1259.903 25
1260.973 11
1261.0899999999999 13
1261.672 26
1261.674 19
1263.4200000000001 0
1263.9760000000001 23
1264.8099999999999 25
1264.9360000000001 22
1265.528 19
1265.7060000000001 27
1265.779 24
1269.123 18
1269.27 19
1269.2739999999999 9
1269.8019999999999 25
1270.6379999999999 23
1272.171 27
1272.634 26
1273.3010000000002 18
1273.364 24
1274.5230000000001 25
1275.5260000000001 22
1276.952 18
1277.2950000000001 26
1277.3900000000001 23
1278.021 27
1278.326 25
1278.7329999999999 24
1279.4200000000001 13
1279.6510000000001 9
1279.8010000000002 19
1280.5650000000001 18
1282.45 27
1283.2060000000001 25
1283.279 26
1284.3699999999999 23
1285.03 18
1286.1110000000001 24
1287.019 27
1287.5319999999999 25
1287.7639999999999 9
1288.579 26
1288.837 22
1289.375 23
1290.624 18
1292.0830000000001 25
1292.5060000000001 27
1292.9849999999999 24
1293.8239999999998 110
1294.04 18
1294.7089999999998 26
1294.886 14
1295.354 13
1295.6469999999999 23
1297.7329999999999 18
1299.472 27
1300.153 19
1300.4680000000001 9
1300.471 22
1300.6789999999999 25
1300.9639999999999 26
1301.4870000000001 18
1302.47 24
1303.7539999999999 27
1304.3310000000001 19
1304.9939999999999 25
1305.5060000000001 18
1305.527 9
1305.7860000000001 26
1306.5 10
1308.364 24
1308.5230000000001 27
1308.71 23
1309.366 19
1309.4949999999999 18
1309.6880000000001 25
1311.3150000000001 26
1313.8820000000001 19
1314.1429999999998 25
1314.396 10
1314.605 27
1316.4660000000001 26
1317.914 0
1318.0070000000001 18
1318.723 27
1319.566 14
1320.5820000000001 23
1321.1310000000001 25
1322.7479999999998 22
1323.568 27
1323.817 24
1325.076 18
1325.5910000000001 14
1328.4479999999999 27
1328.654 18
1329.9549999999999 26
1330.585 23
1331.6900000000001 14
1332.058 5
1332.2739999999999 24
1333.4189999999999 13
1334.1220000000001 27
1334.7149999999999 26
1335.037 18
1336.6729999999998 19
1336.683 14
1336.874 25
1337.335 23
1338.48 21
1339.5050000000001 20
1339.5309999999999 27
1340.2910000000002 18
1340.326 26
1340.479 19
1342.2929999999999 21
1342.866 25
1344.0070000000001 24
1344.3320000000001 27
1344.694 23
1346.499 20
1346.7579999999998 19
1346.8929999999998 22
1348.6099999999999 26
1349.2139999999999 23
1349.5620000000001 24
1349.9100000000001 10
1351.2539999999999 20
1351.4000000000001 25
1352.5229999999999 27
1352.8510000000001 26
1353.915 23
1354.558 12
1354.721 22
1355.1179999999999 107
1355.4520000000002 20
1355.7539999999999 25
1357.4979999999998 26
1358.145 27
1358.5929999999998 10
1359.2179999999998 20
1359.8399999999999 24
1361.3770000000002 23
1361.9200000000001 27
1362.2320000000002 4
1362.3910000000001 26
1362.9160000000002 20
1363.1700000000001 17
1363.9779999999998 10
1365.7670000000001 27
1366.5940000000001 22
1367.354 25
1367.509 20
1369.8420000000001 23
1370.451 24
1370.4589999999998 14
1370.6270000000002 27
1370.8029999999999 26
1371.4470000000001 10
1371.6800000000001 20
1372.973 21
1374.8470000000002 25
1374.9170000000001 27
1376.3929999999998 26
1377.336 19
1377.8129999999999 21
1378.3870000000002 17
1378.8579999999999 10
1379.5479999999998 25
1379.74 23
1380.6229999999998 26
1381.2879999999998 27
1381.5839999999998 22
1384.5829999999999 26
1384.924 21
1385.1700000000001 25
1386.182 27
1387.865 11
1388.3770000000002 23
1388.8239999999998 22
1388.876 21
1389.3420000000001 26
1389.3720000000001 15
1389.5710000000001 25
1392.0329999999999 1
1394.1579999999999 26
1394.8679999999999 24
1395.3589999999999 15
1395.7149999999999 23
1397.9649999999999 12
1400.7149999999999 26
1400.9839999999999 25
1401.665 21
1401.8 24
1402.0639999999999 15
1403.9029999999998 23
1405.1979999999999 25
1406.037 26
1406.1600000000001 10
1406.575 27
1409.366 25
1410.0429999999999 21
1410.269 15
1410.6989999999998 26
1412.4660000000001 27
1412.713 119
1413.3339999999998 16
1413.721 25
1414.53 21
1415.404 24
1415.4479999999999 17
1416.069 26
1416.671 20
1417.0339999999999 107
1417.085 22
1419.009 23
1419.9360000000001 116
1420.9229999999998 24
1421.096 26
1421.3920000000001 25
1423.489 16
1426.6400000000001 22
1427.1389999999999 26
1427.3039999999999 24
1428.184 20
1428.8910000000001 25
1430.75 23
1432.114 26
1432.346 20
1432.6310000000001 24
1433.8110000000001 3
1433.9260000000002 16
1435.826 110
1437.229 26
1437.8920000000001 22
1439.431 114
1439.8489999999999 24
1440.9079999999999 21
1442.095 25
1442.7139999999999 26
1442.9129999999998 15
1443.135 23
1443.6660000000002 11
1446.374 22
1447.989 27
1448.3920000000001 26
1451.6559999999999 24
1452.856 25
1454.1900000000001 26
1454.194 22
1454.9179999999999 15
1456.136 23
1457.02 25
1458.1289999999999 27
1459.7190000000001 26
1462.2929999999999 24
1463.1110000000001 25
1464.1370000000002 27
1465.0829999999999 3
1466.0 22
1468.306 24
1468.569 25
1469.9070000000002 7
1469.9470000000001 26
1470.7170000000001 23
1471.9029999999998 9
1472.1579999999999 22
1472.8099999999999 25
1473.838 24
1474.2720000000002 26
1475.9649999999999 27
1477.1170000000002 25
1478.644 23
1479.3339999999998 26
1480.7439999999999 22
1481.828 27
1481.8970000000002 25
1482.4849999999999 24
1483.74 26
1485.5739999999998 22
1485.9270000000001 108
1486.2460000000001 27
1486.4970000000001 23
1486.7520000000002 25
1489.664 26
1490.79 25
1491.5420000000001 27
1491.5739999999998 5
1492.7270000000001 11
1493.9279999999999 23
1494.674 26
1494.934 25
1495.616 22
1495.817 115
1496.6070000000002 19
1496.7190000000001 27
1497.845 13
1498.5329999999999 15
1499.165 26
1499.5139999999999 9
1499.979 25
1501.1420000000001 14
1501.674 27
1505.0360000000001 25
1505.0720000000001 26
1505.575 15
1507.3210000000001 23
1508.3820000000001 24
1508.8720000000001 26
1509.076 27
1509.7170000000001 22
1510.751 25
1513.9059999999999 26
1514.287 27
1514.729 23
1515.0989999999999 9
1515.6949999999999 25
1516.5260000000001 111
1517.5170000000001 22
1517.731 24
1519.1689999999999 26
1520.058 25
1520.4360000000001 27
1521.0320000000002 23
1521.6289999999999 13
1522.4549999999999 9
1523.1600000000001 5
1523.4449999999999 26
1523.8010000000002 22
1524.095 25
1525.152 18
1526.2479999999998 0
1526.5539999999999 14
1526.5550000000001 13
1527.3800000000001 23
1527.7979999999998 24
1528.5 25
1529.6079999999999 18
1531.1689999999999 27
1533.6300000000001 18
1533.7809999999999 23
1534.394 22
1536.848 27
1537.2349999999999 26
1538.693 18
1539.9179999999999 19
1541.953 27
1542.8620000000001 18
1543.2260000000001 10
1543.626 23
1543.934 24
1544.3989999999999 25
1544.5139999999999 19
1545.595 9
1546.7950000000001 18
1547.1029999999998 27
1547.605 26
1548.6989999999998 22
1548.703 25
1548.7560000000001 23
1549.075 13
1549.6310000000001 14
1550.626 10
1551.723 9
1552.1879999999999 26
1552.645 27
1553.1279999999999 19
1553.317 18
1553.95 25
1556.739 20
1557.7360000000001 26
1557.7760000000001 14
1557.855 18
1557.8810000000001 24
1558.9670000000001 13
1559.162 27
1560.4279999999999 16
1560.444 10
1562.306 20
1562.3320000000001 26
1563.0420000000001 18
1563.76 25
1565.0179999999998 27
1566.2170000000001 24
1566.7260000000001 26
1567.4010000000001 13
1568.953 18
1569.646 27
1570.1570000000002 14
1570.1660000000002 17
1571.1970000000001 20
1571.9560000000001 26
1572.971 13
1575.0439999999999 27
1575.854 20
1576.1300000000001 18
1576.3199999999999 25
1578.4589999999998 26
1579.8800000000001 27
1580.71 23
1581.0529999999999 117
1581.2529999999999 10
1582.2620000000002 18
1582.9589999999998 25
1583.829 27
1584.5279999999998 14
1585.4639999999999 20
1586.5599999999999 26
1587.441 12
1587.8989999999999 27
1588.27 18
1588.4289999999999 23
1588.615 108
1588.925 24
1591.2479999999998 21
1591.3599999999999 10
1591.5929999999998 26
1592.1410000000001 27
1592.665 18
1593.328 25
1593.7860000000001 20
1594.2679999999998 23
1596.4349999999999 108
1596.6099999999999 24
1597.1329999999998 26
1597.473 19
1597.6570000000002 27
1597.7879999999998 14
1598.019 25
1598.9279999999999 12
1598.989 20
1599.085 106
1599.461 23
1600.1849999999999 22
1601.4929999999999 27
1601.9189999999999 10
1603.29 20
1604.2470000000001 24
1604.826 26
1605.2079999999999 27
1606.105 116
1606.934 20
1607.287 22
1608.9589999999998 23
1609.1610000000001 27
1609.4279999999999 21
1610.47 25
1610.7729999999999 26
1611.1120000000001 20
1611.191 24
1612.7629999999999 12
1613.4979999999998 27
1613.5450000000001 21
1613.6270000000002 23
1615.269 22
1615.634 15
1616.2270000000001 25
1617.0970000000002 10
1617.2979999999998 17
1617.4779999999998 21
1617.777 24
1618.21 27
1618.634 23
1618.7660000000001 26
1619.336 20
1621.9279999999999 21
1622.9200000000001 24
1622.942 27
1624.1579999999999 23
1624.1579999999999 106
1624.441 25
1625.204 20
1625.4620000000002 26
1626.8610000000001 19
1627.076 17
1627.3229999999999 27
1627.5050000000001 11
1629.4949999999999 24
1629.5060000000001 20
1630.046 21
1630.5599999999999 26
1630.6670000000001 25
1631.479 23
1631.4860000000001 27
1631.7639999999999 22
1633.421 108
1633.914 20
1635.1210000000001 25
1637.3010000000002 24
1638.1320000000001 27
1638.3120000000001 23
1640.175 22
1640.749 25
1642.557 21
1643.1979999999999 20
1643.2260000000001 26
1644.683 24
1645.4110000000001 23
1645.989 11
1647.4059999999999 21
1647.4849999999999 20
1647.4960000000001 26
1648.8770000000002 25
1650.3810000000001 22
1651.3589999999999 27
1651.7470000000001 23
1652.1610000000001 26
1652.2670000000001 113
1653.8620000000001 25
1654.134 15
1656.3970000000002 24
1656.4690000000001 27
1658.6660000000002 17
1659.1700000000001 25
1659.6400000000001 26
1660.0839999999998 23
1661.0829999999999 16
1661.539 22
1662.3370000000002 19
1662.4110000000001 27
1664.9200000000001 25
1665.124 24
1666.3779999999999 23
1666.644 26
1667.7829999999999 27
1668.2579999999998 22
1669.8620000000001 25
1669.921 119
1674.8320000000001 27
1675.489 110
1675.5920000000001 23
1675.981 26
1676.297 24
1677.1170000000002 25
1677.1789999999999 22
1681.3120000000001 26
1681.3410000000001 23
1682.4620000000002 27
1683.039 25
1684.23 24
1684.7449999999999 22
1685.1110000000001 111
1685.6320000000001 26
1686.6879999999999 16
1687.076 27
1687.665 17
1690.3870000000002 25
1690.5839999999998 23
1691.229 107
1691.3329999999999 22
1691.8529999999998 26
1692.0320000000002 24
1692.1389999999999 112
1692.521 27
1696.0550000000001 26
1697.463 27
1701.22 26
1701.9660000000001 25
1702.1489999999999 24
1702.4179999999999 27
1703.6670000000001 22
1704.5710000000001 114
1705.2449999999999 26
1705.76 23
1706.77 25
1707.914 24
1709.3299999999999 27
1709.9029999999998 22
1711.3570000000002 25
1711.5620000000001 23
1712.171 26
1712.807 0
1715.5720000000001 25
1715.838 22
1716.6170000000002 24
1717.5539999999999 26
1718.404 27
1719.1629999999998 23
1719.479 11
1719.595 25
1720.394 22
1722.6229999999998 27
1723.2670000000001 19
1723.6760000000002 24
1723.925 26
1724.7349999999999 13
1724.9010000000001 22
1727.2060000000001 25
1727.9059999999999 27
1728.0260000000001 11
1729.75 23
1729.8800000000001 26
1730.5160000000001 22
1731.146 25
1731.8800000000001 112
1732.8150000000001 24
1734.1470000000002 26
1734.8629999999998 27
1735.5929999999998 25
1737.9460000000001 9
1738.806 26
1739.616 24
1739.769 119
1739.8620000000001 13
1740.443 27
1740.499 19
1740.9820000000002 0
1742.905 25
1743.3139999999999 26
1743.4589999999998 11
1745.1860000000001 9
1745.6979999999999 19
1747.088 27
1747.424 23
1747.838 24
1748.164 113
1748.26 25
1749.6900000000001 19
1753.1689999999999 13
1753.3470000000002 25
1753.3970000000002 26
1754.3620000000001 24
1755.318 19
1755.8429999999998 23
1757.057 8
1757.1179999999999 5
1757.71 22
1758.7270000000001 27
1759.2620000000002 25
1759.4760000000001 19
1761.146 23
1761.8900000000001 24
1762.5020000000002 13
1763.97 14
1763.9949999999999 22
1764.1889999999999 26
1764.213 9
1764.221 25
1766.4870000000001 23
1766.557 24
1768.3879999999999 25
1768.546 27
1768.7639999999999 26
1768.8889999999999 108
1769.9089999999999 19
1771.066 9
1771.5889999999999 13
1771.76 23
1772.558 27
1772.7070000000001 25
1772.971 22
1773.085 5
1773.3150000000001 14
1773.451 26
1773.7370000000001 24
1776.5629999999999 0
1776.6559999999999 27
1777.0450000000001 18
1777.2470000000001 13
1777.289 25
1777.7239999999999 23
1778.8099999999999 14
1779.2550000000001 22
1779.7049999999999 19
1781.079 24
1781.085 27
1781.2529999999999 26
1781.5129999999999 25
1781.7170000000001 18
1783.5120000000002 11
1783.7820000000002 9
1783.8 23
1785.4960000000001 22
1785.6420000000001 18
1786.04 25
1786.2479999999998 19
1786.5739999999998 24
1786.6120000000001 27
1786.7550000000001 26
1788.296 108
1788.941 14
1790.126 23
1790.432 18
1791.4370000000001 24
1791.52 19
1791.8270000000002 27
1792.77 0
1794.4449999999999 9
1796.4660000000001 27
1797.4620000000002 24
1797.8529999999998 23
1799.1570000000002 26
1800.5 25
1801.7950000000001 27
1802.0039999999999 9
1802.4349999999999 12
1803.9520000000002 26
1804.4679999999998 17
1806.191 27
1806.309 25
1806.7720000000002 19
1807.194 107
1807.4059999999999 22
1808.1500000000001 26
1808.155 20
1808.2429999999999 23
1808.6660000000002 18
1809.4460000000001 0
1809.5639999999999 14
1810.376 27
1810.4000000000001 25
1810.6410000000001 24
1811.5829999999999 21
1812.3729999999998 26
1812.7650000000001 20
1813.7449999999999 17
1814.2 13
1814.2220000000002 18
1814.787 27
1814.9460000000001 23
1815.432 25
1815.9829999999999 14
1816.5739999999998 26
1817.2479999999998 21
1818.6979999999999 20
1820.723 24
1820.9100000000001 23
1821.509 21
1821.588 27
1821.6020000000001 22
1823.3510000000001 17
1823.942 18
1823.954 25
1824.7379999999998 16
1825.8770000000002 27
1826.2720000000002 5
1826.7 19
1828.4549999999999 18
1828.4879999999998 10
1829.5820000000001 26
1829.7329999999999 17
1829.895 27
1830.0 25
1830.8929999999998 13
1830.9370000000001 22
1831.404 20
1833.8879999999999 27
1834.6800000000001 26
1835.3699999999999 23
1836.4720000000002 20
1837.6610000000001 18
1837.71 16
1838.1849999999999 27
1838.4829999999999 25
1839.134 24
1839.645 22
1839.7379999999998 14
1840.5770000000002 116
1840.7449999999999 20
1840.854 23
1841.0020000000002 17
1842.0639999999999 26
1842.9589999999998 27
1843.9549999999999 18
1846.5229999999999 17
1846.9820000000002 27
1847.116 23
1847.1770000000001 26
1848.0999999999999 18
1849.175 22
1850.9829999999999 27
1851.6320000000001 26
1851.8050000000001 14
1852.1979999999999 17
1853.3689999999999 20
1853.386 18
1854.037 25
1855.5029999999999 27
1857.2190000000001 21
1858.0770000000002 23
1858.2349999999999 26
1859.1789999999999 20
1859.7079999999999 25
1860.546 27
1861.386 21
1864.662 20
1864.7660000000001 27
1865.3339999999998 17
1865.5029999999999 14
1867.2679999999998 21
1867.3710000000001 22
1868.721 27
1868.8110000000001 24
1869.0379999999998 25
1870.759 17
1871.9879999999998 16
1872.067 26
1873.105 27
1873.404 115
1873.461 14
1873.7850000000001 21
1873.825 25
1874.5339999999999 24
1876.5250000000001 17
1876.6670000000001 10
1877.1020000000001 20
1877.5079999999998 22
1877.652 26
1878.2929999999999 27
1878.3139999999999 25
1878.3299999999999 21
1880.2660000000001 24
1882.0079999999998 26
1882.0539999999999 4
1882.3440000000001 20
1882.3870000000002 21
1883.0889999999999 27
1883.1029999999998 25
1883.9520000000002 17
1885.251 24
1886.807 21
1886.826 26
1888.221 25
1889.279 23
1889.3989999999999 106
1890.2620000000002 22
1890.5910000000001 21
1890.876 27
1891.45 24
1892.1099999999999 118
1892.3420000000001 25
1893.287 26
1894.4979999999998 23
1895.213 27
1895.2939999999999 22
1896.3579999999999 21
1896.3920000000001 25
1897.4939999999999 26
1900.0060000000001 23
1900.0239999999999 27
1900.914 22
1901.412 25
1901.432 26
1901.6229999999998 17
1903.1220000000001 21
1906.067 26
1907.5170000000001 20
1907.7750000000001 118
1908.9879999999998 25
1909.124 22
1910.422 21
1910.8879999999999 20
1911.155 26
1911.7139999999999 15
1912.366 27
1913.8199999999999 25
1914.5039999999999 22
1914.684 20
1915.1670000000001 26
1916.0250000000001 21
1917.3679999999999 119
1917.933 27
1918.374 24
1918.95 16
1919.3720000000001 115
1920.1729999999998 26
1921.1310000000001 25
1921.6979999999999 23
1922.385 22
1923.96 15
1923.973 21
1924.4370000000001 27
1924.915 24
1927.8820000000001 21
1928.0650000000001 26
1929.0120000000002 25
1929.1310000000001 22
1930.7 27
1932.585 24
1934.076 23
1936.6229999999998 27
1937.2170000000001 25
1938.3679999999999 26
1940.1189999999999 22
1940.7149999999999 111
1942.223 24
1942.461 25
1942.6600000000001 16
1943.845 26
1946.894 119
1948.1970000000001 25
1948.9229999999998 22
1949.1020000000001 23
1952.9229999999998 27
1953.2260000000001 25
1953.7529999999999 22
1954.2539999999999 26
1955.9879999999998 118
1957.0870000000002 23
1957.175 24
1957.7639999999999 25
1959.068 22
1960.104 26
1961.6789999999999 25
1963.4690000000001 23
1963.7660000000001 19
1964.0889999999999 24
1964.3499999999999 22
1966.4229999999998 25
1966.425 26
1966.905 11
1967.9660000000001 27
1969.181 22
1969.5129999999999 23
1969.55 19
1970.02 24
1970.7750000000001 25
1973.8239999999998 11
1974.3440000000001 19
1974.9270000000001 26
1975.2809999999999 13
1975.4670000000001 25
1977.3199999999999 24
1978.164 23
1978.9949999999999 26
1979.9970000000001 25
1980.7660000000001 8
1982.011 27
1982.529 22
1982.7929999999999 24
1984.0360000000001 26
1984.441 25
1984.4520000000002 19
1985.037 0
1988.751 19
1988.8239999999998 26
1989.1779999999999 27
1989.249 22
1989.8829999999998 13
1990.875 25
1992.6020000000001 16
1994.3429999999998 19
1994.9670000000001 27
1995.5039999999999 22
1995.5620000000001 26
1995.6670000000001 25
1998.7279999999998 19
1999.944 23
2000.3570000000002 25
2000.511 24
2000.55 27
2000.941 13
2001.1429999999998 22
2002.2460000000001 9
2004.2629999999999 26
2004.7750000000001 25
2004.9949999999999 23
2004.9979999999998 27
2005.6029999999998 11
2007.328 22
2007.9739999999999 24
2009.2349999999999 13
2009.6559999999999 25
2010.6960000000001 0
2010.9770000000001 27
2012.27 19
2013.3399999999999 22
2014.558 24
2016.3629999999998 27
2016.6189999999999 19
2016.7339999999999 25
2017.0539999999999 26
2017.1479999999999 13
2017.8900000000001 116
2020.6329999999998 19
2021.1010000000001 26
2021.2939999999999 27
2021.6729999999998 25
2025.28 24
2025.356 26
2025.576 5
2026.114 25
2026.4849999999999 22
2027.3329999999999 27
2027.874 9
2031.5999999999999 24
2032.25 26
2033.3570000000002 27
2033.4579999999999 25
2033.4720000000002 23
2033.675 18
2035.165 22
2037.463 24
2037.796 18
2038.9760000000001 27
2039.2349999999999 26
2039.28 9
2040.596 19
2041.739 25
2042.0839999999998 23
2043.3239999999998 18
2043.579 27
2043.644 22
2043.8110000000001 11
2043.8679999999999 24
2045.9370000000001 26
2047.2320000000002 13
2047.9059999999999 9
2047.941 23
2048.0810000000001 14
2050.1210000000001 26
2050.181 25
2050.8029999999999 27
2052.8899999999999 24
2053.625 5
2053.6910000000003 13
2054.3360000000002 108
2054.9839999999999 26
2055.7060000000001 14
2056.1460000000002 27
2057.0129999999999 25
2057.3979999999997 23
2058.3989999999999 24
2060.5949999999998 26
2061.3609999999999 22
2061.6039999999998 27
2062.2420000000002 10
2062.4139999999998 25
2062.5279999999998 23
2062.7289999999998 12
2063.3379999999997 24
2065.2220000000002 26
2067.4929999999999 17
2068.4499999999998 27
2068.7510000000002 18
2069.7860000000001 23
2070.8089999999997 24
2071.2070000000003 26
2071.2449999999999 25
2072.578 13
2074.625 27
2074.7960000000003 14
2076.4099999999999 25
2076.777 26
2077.3119999999999 24
2079.1030000000001 17
2080.8499999999999 27
2080.8539999999998 23
2081.0389999999998 18
2081.991 26
2083.221 24
2083.3330000000001 25
2084.6109999999999 20
2085.2240000000002 18
2085.6860000000001 22
2086.2110000000002 27
2086.3220000000001 23
2088.261 14
2088.6020000000003 25
2089.1120000000001 18
2089.2170000000001 24
2090.3009999999999 10
2090.3379999999997 26
2091.1869999999999 22
2091.8249999999998 27
2093.0619999999999 23
2093.0920000000001 25
2094.0349999999999 18
2095.5900000000001 26
2095.7600000000002 24
2097.0 27
2097.415 10
2097.5500000000002 4
2099.3040000000001 23
2099.4549999999999 25
2100.0100000000002 17
2100.1610000000001 22
2100.2060000000001 26
2101.0120000000002 27
2101.7729999999997 24
2102.6610000000001 20
2102.8789999999999 10
2103.498 16
2103.9459999999999 14
2105.2729999999997 26
2105.3360000000002 25
2105.6320000000001 27
2106.7570000000001 23
2106.9229999999998 22
2107.3119999999999 20
2108.6020000000003 17
2109.4250000000002 25
2110.3240000000001 26
2111.1460000000002 27
2111.3629999999998 16
2111.761 4
2112.105 22
2113.489 23
2114.0479999999998 25
2115.8560000000002 27
2116.3360000000002 24
2117.4740000000002 116
2118.3110000000001 21
2118.529 12
2119.04 17
2119.5210000000002 14
2119.9339999999997 27
2120.3510000000001 20
2120.538 25
2120.866 22
2121.2370000000001 106
2124.1279999999997 20
2124.8320000000003 27
2125.8589999999999 25
2126.6590000000001 18
2127.415 21
2128.5770000000002 26
2129.0070000000001 19
2130.489 27
2130.9549999999999 25
2131.038 15
2132.0549999999998 20
2132.6320000000001 21
2132.9279999999999 26
2133.114 24
2135.8150000000001 20
2135.8310000000001 27
2137.3009999999999 26
2137.8899999999999 25
2138.4169999999999 15
2139.442 20
2140.6620000000003 21
2141.0990000000002 22
2141.357 26
2141.895 4
2143.0660000000003 20
2143.663 25
2143.8330000000001 1
2144.2460000000001 23
2145.6179999999999 26
2147.5709999999999 20
2147.5860000000002 22
2147.9189999999999 111
2148.4780000000001 25
2148.663 27
2149.989 26
2151.2729999999997 20
2152.0630000000001 23
2152.4760000000001 25
2152.5639999999999 10
2154.087 27
2154.9760000000001 26
2155.192 20
2155.3560000000002 16
2157.0770000000002 25
2157.6579999999999 22
2159.268 27
2160.1639999999998 26
2160.3939999999998 24
2161.6179999999999 20
2162.567 23
2163.163 22
2163.4679999999998 21
2163.5450000000001 27
2165.373 26
2165.7199999999998 20
2167.1179999999999 4
2167.4079999999999 25
2168.114 27
2169.9120000000003 24
2170.2159999999999 22
2170.52 21
2172.9539999999997 27
2173.7159999999999 25
2177.3449999999998 24
2178.3510000000001 26
2180.192 22
2180.2960000000003 16
2181.174 25
2181.5740000000001 3
2183.4169999999999 26
2183.5419999999999 7
2185.9299999999998 25
2186.2510000000002 27
2188.9470000000001 16
2189.5419999999999 22
2191.152 27
2191.6959999999999 26
2194.7399999999998 24
2194.8320000000003 113
2195.46 22
2197.1990000000001 27
2197.373 26
2198.5900000000001 112
2199.8620000000001 25
2200.4009999999998 22
2201.953 23
2202.1550000000002 15
2203.0500000000002 27
2203.0599999999999 16
2203.4290000000001 26
2204.078 25
2204.8560000000002 19
2205.3420000000001 22
2206.9749999999999 24
2208.2750000000001 26
2208.4770000000003 116
2208.585 25
2209.4929999999999 112
2211.364 23
2211.855 22
2211.8720000000003 24
2212.308 16
2212.6570000000002 25
2213.6599999999999 26
2217.5589999999997 25
2218.8420000000001 15
2219.0360000000001 27
2219.1399999999999 26
2219.3579999999997 21
2219.3850000000002 23
2219.7139999999999 11
2220.1550000000002 22
2220.5360000000001 7
2223.5229999999997 25
2224.0520000000001 27
2224.8209999999999 24
2225.8969999999999 26
2228.3420000000001 25
2230.0320000000002 27
2230.2270000000003 26
2232.4429999999998 24
2232.9899999999998 25
2233.1410000000001 22
2233.4749999999999 23
2235.0549999999998 26
2236.1410000000001 27
2237.357 25
2239.3989999999999 23
2239.5500000000002 24
2240.1079999999997 9
2240.1100000000001 22
2242.2539999999999 26
2242.4949999999999 13
2245.5059999999999 25
2245.511 27
2246.944 26
2248.9879999999998 19
2250.2399999999998 25
2251.241 22
2251.2849999999999 9
2251.3649999999998 23
2251.8099999999999 26
2252.991 27
2255.8379999999997 25
2256.2070000000003 13
2256.2559999999999 24
2256.5149999999999 22
2256.5309999999999 26
2258.9670000000001 27
2259.6149999999998 25
2260.3560000000002 26
2260.3679999999999 0
2260.873 9
2261.9589999999998 23
2262.069 19
2262.1120000000001 3
2263.1610000000001 13
2263.9079999999999 25
2264.527 24
2265.0120000000002 26
2265.71 18
2267.0129999999999 27
2268.069 19
2268.393 22
2269.0889999999999 25
2269.7399999999998 26
2270.567 23
2271.634 24
2272.125 9
2272.2559999999999 27
2272.6550000000002 13
2273.192 25
2273.5479999999998 8
2274.0279999999998 26
2274.6100000000001 19
2275.752 115
2276.212 0
2276.3289999999997 14
2277.4279999999999 22
2278.2910000000002 27
2278.308 25
2278.4299999999998 26
2278.7840000000001 23
2278.9690000000001 9
2282.732 26
2283.8150000000001 25
2283.9949999999999 5
2284.9659999999999 16
2285.174 27
2286.4789999999998 14
2286.614 13
2287.877 19
2289.317 27
2289.6710000000003 25
2289.808 23
2289.9099999999999 26
2291.8809999999999 22
2291.8829999999998 19
2293.123 27
2293.4120000000003 14
2293.7190000000001 25
2293.8899999999999 26
2294.1679999999997 9
2294.6420000000003 13
2295.2550000000001 23
2296.48 16
2296.703 18
2297.1790000000001 22
2297.3960000000002 117
2297.5679999999998 27
2297.8200000000002 5
2298.473 25
2298.5599999999999 26
2299.1460000000002 19
2300.0929999999998 24
2300.395 23
2300.5439999999999 14
2301.02 18
2302.27 22
2302.335 25
2302.7440000000001 9
2302.7779999999998 19
2302.8969999999999 27
2304.1979999999999 26
2305.828 18
2306.5300000000002 25
2306.6129999999998 19
2307.002 16
2307.0990000000002 23
2307.5610000000001 27
2307.6970000000001 22
2310.0570000000002 24
2310.7800000000002 14
2311.0100000000002 19
2311.4259999999999 26
2311.444 27
2311.9029999999998 18
2312.7689999999998 25
2313.5029999999997 23
2313.6039999999998 22
2314.578 13
2314.9560000000001 111
2315.4749999999999 27
2316.096 17
2317.8270000000002 26
2317.991 24
2318.0419999999999 23
2318.1089999999999 18
2318.6529999999998 25
2319.0770000000002 22
2319.4720000000002 27
2320.3400000000001 9
2322.2429999999999 21
2322.355 19
2322.4110000000001 14
2323.123 26
2323.3690000000001 23
2324.018 27
2324.0360000000001 25
2324.9839999999999 24
2327.0740000000001 10
2327.6289999999999 20
2327.7570000000001 26
2327.8910000000001 21
2328.2919999999999 27
2328.3850000000002 22
2328.9520000000002 19
2329.1489999999999 12
2329.549 108
2329.7310000000002 25
2329.7649999999999 23
2330.0589999999997 24
2330.9949999999999 17
2331.4520000000002 116
2332.2750000000001 27
2333.7049999999999 26
2334.902 25
2335.886 17
2336.7220000000002 18
2336.9960000000001 27
2337.308 23
2338.364 19
2339.498 24
2340.0839999999998 26
2340.4770000000003 25
2341.1509999999998 27
2341.248 18
2343.5909999999999 20
2343.7190000000001 26
2344.8440000000001 25
2346.3160000000003 27
2347.6849999999999 26
2348.5520000000001 23
2349.2820000000002 18
2349.413 24
2349.5239999999999 25
2349.797 20
2351.2440000000001 10
2351.3299999999999 27
2351.5300000000002 19
2351.7670000000003 26
2352.701 14
2353.4320000000002 25
2353.8879999999999 20
2354.3510000000001 23
2354.4459999999999 22
2355.0520000000001 18
2355.335 107
2356.8320000000003 106
2357.7179999999998 4
2357.7809999999999 27
2358.6790000000001 25
2358.9210000000003 26
2360.1710000000003 117
2362.0370000000003 27
2363.2159999999999 25
2364.96 22
2365.0370000000003 26
2366.489 27
2366.6100000000001 20
2367.212 25
2368.491 23
2369.8000000000002 26
2370.3989999999999 20
2371.364 27
2373.0610000000001 21
2374.1669999999999 26
2374.4189999999999 25
2374.569 20
2374.808 16
2375.2979999999998 27
2375.5619999999999 23
2375.8249999999998 22
2378.9699999999998 20
2379.3979999999997 27
2379.79 26
2381.4899999999998 23
2383.442 25
2383.4839999999999 4
2384.1620000000003 22
2384.3150000000001 17
2384.7489999999998 20
2386.6770000000001 27
2386.8530000000001 26
2388.4259999999999 24
2388.913 20
2389.3179999999998 23
2392.4189999999999 26
2392.7379999999998 25
2393.596 27
2394.4169999999999 22
2395.5660000000003 23
2396.2539999999999 20
2396.326 21
2397.4839999999999 26
2398.2460000000001 25
2398.277 27
2400.942 21
2402.3089999999997 25
2403.8379999999997 26
2405.127 22
2405.9360000000001 24
2406.085 23
2407.0429999999997 25
2407.5320000000002 17
2408.3710000000001 21
2408.8130000000001 20
2409.558 26
2410.395 15
2411.2809999999999 25
2412.2689999999998 21
2413.605 26
2414.1190000000001 23
2414.1880000000001 20
2414.5940000000001 17
2416.2460000000001 25
2416.6900000000001 1
2417.0589999999997 22
2418.248 26
2418.4450000000002 16
2419.5460000000003 15
2420.0549999999998 27
2420.6559999999999 25
2422.4850000000001 26
2422.7649999999999 12
2422.8690000000001 23
2425.627 27
2426.2979999999998 25
2426.9520000000002 26
2427.2460000000001 15
2427.9210000000003 24
2428.723 23
2430.0839999999998 27
2430.971 4
2431.0679999999998 25
2433.1750000000002 24
2433.9009999999998 26
2436.1260000000002 25
2436.3870000000002 22
2437.2470000000003 27
2443.0500000000002 25
2443.21 27
2443.3899999999999 22
2443.5259999999998 21
2444.46 26
2445.29 16
2447.2129999999997 24
2448.8009999999999 23
2449.0059999999999 22
2452.422 25
2454.2570000000001 15
2454.6710000000003 26
2456.0549999999998 22
2456.1489999999999 27
2456.1590000000001 24
2459.7840000000001 21
2460.201 15
2460.2420000000002 25
2461.145 26
2462.2350000000001 24
2464.4490000000001 25
2466.3099999999999 26
2467.308 22
2467.6020000000003 27
2468.2950000000001 16
2470.2049999999999 19
2471.5589999999997 15
2471.663 26
2473.3000000000002 9
2474.2950000000001 7
2474.4859999999999 22
2475.0160000000001 19
2475.7570000000001 21
2476.04 3
2476.837 25
2477.25 26
2478.1639999999998 23
2479.5419999999999 9
2480.1089999999999 22
2480.3710000000001 24
2481.5429999999997 25
2483.0329999999999 19
2483.3339999999998 27
2483.5799999999999 23
2483.6509999999998 26
2485.2779999999998 9
2485.4989999999998 25
2485.8470000000002 22
2487.9029999999998 26
2489.4279999999999 24
2489.6500000000001 13
2489.8379999999997 25
2492.346 19
2492.9090000000001 23
2493.1260000000002 22
2493.491 26
2493.9659999999999 27
2494.558 24
2494.982 15
2495.1010000000001 25
2495.683 9
2496.9299999999998 19
2497.4120000000003 13
2498.3220000000001 27
2498.451 23
2499.6839999999997 115
2499.9210000000003 8
2500.7139999999999 25
2501.067 19
2501.259 24
2503.4639999999999 27
2503.8789999999999 26
2505.431 23
2505.6599999999999 25
2509.018 26
2509.482 27
2509.5599999999999 22
2509.788 24
2509.8240000000001 25
2511.8679999999999 23
2512.9079999999999 9
2513.6799999999998 26
2513.8699999999999 25
2515.2800000000002 24
2516.5999999999999 27
2517.77 22
2517.973 25
2518.0219999999999 23
2518.3049999999998 26
2518.7729999999997 0
2518.8110000000001 9
2521.2939999999999 27
2521.3240000000001 24
2521.8020000000001 25
2523.2919999999999 19
2523.9320000000002 26
2524.2070000000003 9
2524.9629999999997 22
2525.029 23
2526.739 24
2527.0320000000002 27
2528.4570000000003 19
2528.634 25
2529.529 18
2532.3520000000003 26
2533.038 24
2533.4740000000002 19
2533.4949999999999 18
2534.0149999999999 25
2534.6550000000002 27
2536.1300000000001 23
2536.6710000000003 26
2537.288 18
2538.8379999999997 25
2539.7339999999999 24
2541.4570000000003 18
2541.6030000000001 9
2541.6170000000002 26
2542.3939999999998 27
2543.0189999999998 22
2544.3150000000001 25
2544.6710000000003 23
2545.1639999999998 0
2545.509 24
2546.346 26
2549.4740000000002 17
2549.703 18
2550.1489999999999 23
2550.3539999999998 27
2551.0770000000002 25
2551.1399999999999 26
2552.0500000000002 24
2552.2359999999999 12
2555.114 18
2555.3620000000001 27
2555.5219999999999 23
2555.5860000000002 5
2556.1170000000002 26
2556.297 16
2557.7809999999999 25
2557.8820000000001 9
2558.3229999999999 24
2559.1479999999997 18
2559.5820000000003 27
2559.9720000000002 10
2560.9749999999999 23
2561.0010000000002 26
2561.4210000000003 17
2561.616 12
2563.0970000000002 18
2563.1889999999999 108
2563.5419999999999 24
2563.9270000000001 27
2565.75 26
2567.1149999999998 18
2567.6370000000002 9
2568.7579999999998 27
2571.6289999999999 18
2572.4099999999999 26
2573.21 23
2574.4989999999998 54
2574.8879999999999 27
2575.4490000000001 107
2577.2929999999997 22
2577.306 26
2578.6149999999998 18
2579.2449999999999 27
2579.4789999999998 54
2579.5450000000001 23
2580.1610000000001 25
2580.7559999999999 19
2581.1849999999999 12
2581.7689999999998 26
2583.5309999999999 27
2585.2049999999999 24
2585.2870000000003 23
2586.4520000000002 26
2587.0 22
2588.0120000000002 25
2588.4110000000001 27
2590.0709999999999 23
2590.2199999999998 9
2590.9189999999999 24
2591.4720000000002 12
2591.4810000000002 26
2592.5909999999999 27
2593.2089999999998 25
2595.9200000000001 10
2596.3699999999999 72
2596.4760000000001 26
2596.5630000000001 20
2597.2529999999997 24
2597.4389999999999 23
2597.6570000000002 27
2598.1120000000001 18
2599.9290000000001 72
2600.8209999999999 17
2601.6060000000002 27
2601.9920000000002 26
2603.223 25
2605.7260000000001 24
2606.076 22
2606.4470000000001 27
2607.6309999999999 72
2607.8029999999999 26
2608.1509999999998 25
2609.9720000000002 17
2610.7950000000001 23
2611.2420000000002 27
2611.6239999999998 18
2612.596 22
2613.125 26
2613.3139999999999 108
2613.5639999999999 20
2613.9389999999999 24
2614.0879999999997 114
2615.5250000000001 27
2617.2170000000001 23
2617.6039999999998 25
2617.98 20
2618.308 26
2618.4059999999999 4
2619.2829999999999 114
2619.4650000000001 113
2619.5419999999999 27
2619.8520000000003 24
2621.8009999999999 20
2622.0229999999997 23
2622.1350000000002 22
2623.7690000000002 113
2623.8449999999998 11
2624.2559999999999 26
2624.502 25
2624.7199999999998 27
2626.7959999999998 20
2626.9400000000001 119
2627.172 23
2627.8579999999997 22
2629.0500000000002 26
2630.422 25
2630.4759999999997 79
2633.777 27
2634.8470000000002 24
2635.3679999999999 26
2635.4809999999998 17
2635.627 22
2635.8190000000004 79
2638.4570000000003 27
2640.2209999999995 24
2644.7870000000003 25
2645.1220000000003 26
2646.2109999999998 23
2647.2399999999998 27
2651.7550000000001 26
2652.9409999999998 114
2653.7509999999997 22
2654.835 25
2655.0509999999999 27
2655.5050000000001 23
2656.4959999999996 114
2658.0890000000004 24
2658.7340000000004 20
2660.0770000000002 54
2660.4229999999998 113
2661.9209999999998 26
2662.1370000000002 22
2662.2259999999997 114
2664.1259999999997 21
2664.9629999999997 54
2665.1170000000002 113
2666.3499999999999 50
2667.6799999999998 27
2669.2740000000003 26
2669.933 50
2670.2429999999999 25
2671.5529999999999 20
2673.2690000000002 27
2674.7440000000001 22
2674.9429999999998 26
2676.0959999999995 20
2678.038 23
2678.2059999999997 25
2678.2829999999999 24
2679.2840000000001 27
2680.098 26
2681.982 22
2684.3579999999997 25
2685.7890000000002 27
2687.3440000000001 26
2687.6880000000001 114
2689.085 25
2689.8779999999997 24
2690.2220000000002 23
2690.9629999999997 16
2692.1590000000001 79
2693.1259999999997 25
2693.1799999999998 22
2694.0659999999998 27
2694.5570000000002 11
2695.453 26
2696.0250000000001 110
2697.6300000000001 79
2698.0059999999999 25
2700.4079999999999 22
2701.2790000000005 26
2701.4429999999998 27
2702.922 118
2703.0770000000002 25
2703.913 110
2705.21 24
2705.5970000000002 15
2705.6979999999999 26
2708.1849999999999 25
2708.4780000000001 27
2709.0120000000002 22
2709.0590000000002 72
2711.0749999999998 16
2712.6509999999998 72
2713.0370000000003 25
2714.4309999999996 26
2717.7870000000003 27
2718.9829999999997 25
2721.145 117
2721.6469999999999 22
2723.5859999999998 27
2723.6030000000001 26
2724.0129999999999 24
2724.8530000000001 25
2725.895 113
2726.3790000000004 117
2726.8000000000002 22
2728.1779999999999 9
2729.0209999999997 26
2729.627 25
2730.4090000000001 23
2730.9440000000004 110
2731.0290000000005 112
2731.1350000000002 16
2732.2470000000003 24
2732.4429999999998 11
2732.9140000000002 27
2733.3940000000002 26
2733.623 22
2734.3049999999998 25
2736.2600000000002 50
2737.3600000000001 26
2737.3790000000004 27
2737.7290000000003 110
2739.3309999999997 25
2739.8330000000001 50
2740.165 72
2740.5209999999997 22
2741.8240000000001 26
2743.6869999999999 72
2744.2840000000001 23
2745.5059999999999 13
2746.9309999999996 26
2747.1599999999999 117
2749.6079999999997 72
2749.6859999999997 25
2751.4000000000001 26
2751.4369999999999 9
2751.8540000000003 24
2752.1840000000002 23
2752.6990000000001 27
2755.0879999999997 25
2755.6550000000002 26
2756.5279999999998 9
2756.605 13
2757.4670000000001 117
2758.0549999999998 23
2759.777 25
2760.0440000000003 110
2760.0920000000001 18
2760.5329999999999 11
2760.7800000000002 26
2762.4070000000002 109
2762.4679999999998 113
2763.3140000000003 13
2763.77 25
2764.5949999999998 9
2765.0159999999996 18
2765.4109999999996 26
2765.6109999999999 110
2765.634 22
2766.2659999999996 113
2766.6590000000001 23
2767.2579999999998 5
2767.518 27
2767.6459999999997 0
2767.6750000000002 25
2767.7990000000004 24
2768.357 14
2768.8690000000001 18
2769.4200000000001 26
2769.6990000000001 19
2769.8429999999998 13
2772.1390000000001 24
2772.1679999999997 25
2772.3440000000001 18
2772.4440000000004 23
2774.0370000000003 26
2774.1690000000003 9
2774.1940000000004 27
2776.0009999999997 18
2776.5290000000005 25
2777.2249999999999 118
2777.9509999999996 19
2778.8740000000003 27
2779.8870000000002 24
2779.9490000000001 79
2782.0349999999999 14
2782.6709999999998 26
2783.317 25
2783.5920000000001 27
2784.9259999999999 13
2785.3940000000002 79
2786.373 24
2787.308 26
2787.4920000000002 25
2787.6079999999997 23
2788.3109999999997 22
2788.558 0
2789.0440000000003 27
2791.0559999999996 24
2792.8340000000003 26
2792.9369999999999 25
2793.018 23
2794.183 22
2795.5909999999999 5
2796.223 24
2796.3459999999995 27
2796.9279999999999 14
2799.4409999999998 25
2800.0390000000002 9
2800.8470000000002 13
2802.2040000000002 27
2802.308 23
2802.509 0
2803.3800000000001 19
2803.5450000000001 26
2803.7370000000001 25
2806.48 14
2806.491 24
2806.8299999999999 27
2807.5859999999998 26
2807.616 18
2808.0229999999997 19
2809.2579999999998 23
2809.4990000000003 25
2810.5209999999997 11
2811.1790000000001 24
2811.5900000000001 27
2811.607 26
2811.9759999999997 13
2812.1559999999999 18
2812.4099999999999 19
2813.5359999999996 10
2814.0790000000002 12
2814.4509999999996 23
2814.578 16
2816.3200000000002 27
2816.393 26
2816.5429999999997 24
2816.8059999999996 18
2818.7159999999999 11
2819.1979999999999 54
2820.748 17
2821.1399999999999 18
2821.6599999999999 26
2821.7550000000001 25
2821.9059999999999 27
2824.2470000000003 54
2824.607 23
2826.627 24
2826.6370000000002 20
2827.0059999999999 27
2827.1709999999998 26
2827.3240000000001 18
2827.511 16
2831.1779999999999 27
2831.652 26
2831.8879999999999 109
2832.2209999999995 9
2832.2859999999996 23
2832.5520000000001 25
2832.6009999999997 10
2833.2420000000002 113
2833.6770000000001 24
2833.9459999999999 19
2835.116 18
2835.2040000000002 27
2836.3899999999999 107
2836.7109999999998 21
2837.672 113
2839.1900000000001 26
2839.2440000000001 27
2839.7579999999998 25
2839.761 10
2839.8359999999998 18
2841.6240000000003 21
2842.5949999999998 17
2842.9509999999996 24
2843.0409999999997 27
2843.0729999999999 115
2843.355 18
2843.3709999999996 26
2844.866 25
2845.4099999999999 23
2846.7329999999997 20
2847.0340000000001 10
2847.3109999999997 27
2847.4459999999999 18
2847.5259999999998 26
2847.9109999999996 12
2847.9870000000001 115
2848.759 22
2848.9920000000002 24
2850.0300000000002 25
2850.866 23
2851.9079999999999 27
2853.2829999999999 18
2853.3340000000003 20
2854.4259999999999 24
2854.9859999999999 25
2856.527 27
2857.3309999999997 22
2857.386 23
2857.4770000000003 13
2859.7340000000004 25
2860.127 18
2860.5190000000002 27
2861.989 50
2862.0219999999999 17
2864.0929999999998 27
2864.5900000000001 119
2864.7600000000002 21
2865.0009999999997 24
2865.2620000000002 4
2865.5440000000003 30
2865.5630000000001 50
2866.6259999999997 26
2867.0970000000002 110
2868.0840000000003 27
2868.442 23
2868.9990000000003 21
2869.402 30
2870.5240000000003 109
2871.4450000000002 25
2871.6709999999998 26
2872.3690000000001 27
2872.6959999999999 119
2872.77 21
2872.8309999999997 24
2874.8470000000002 109
2875.1090000000004 17
2875.7959999999998 20
2876.1840000000002 10
2876.7290000000003 26
2876.7570000000001 27
2877.0929999999998 23
2877.2129999999997 21
2878.7350000000001 22
2878.8390000000004 25
2879.1700000000001 113
2879.3229999999999 16
2880.3490000000002 20
2880.8499999999999 26
2880.8959999999997 109
2881.25 21
2881.3299999999999 27
2881.732 17
2881.8099999999999 15
2883.7809999999999 25
2884.203 24
2884.5500000000002 20
2885.143 26
2885.4340000000002 22
2885.6500000000001 23
2886.1709999999998 1
2886.7199999999998 21
2888.0490000000004 25
2888.0690000000004 20
2889.3420000000001 27
2890.0690000000004 26
2890.4409999999998 24
2890.5490000000004 72
2891.5370000000003 20
2893.2150000000001 22
2894.116 72
2894.1259999999997 27
2894.5909999999999 16
2894.5949999999998 26
2894.7209999999995 25
2894.9299999999998 110
2895.0790000000002 20
2898.3759999999997 24
2898.7940000000003 20
2899.357 26
2899.6570000000002 22
2899.7249999999999 27
2899.8759999999997 17
2900.297 25
2902.6220000000003 20
2903.4400000000001 119
2903.6079999999997 26
2904.6540000000005 113
2905.3609999999999 25
2907.8990000000003 27
2907.9929999999999 22
2908.886 26
2908.9749999999999 20
2909.087 113
2909.8679999999999 23
2910.9790000000003 25
2914.3009999999999 110
2915.02 27
2915.6970000000001 119
2915.8009999999999 26
2916.9159999999997 25
2918.2950000000001 20
2918.5929999999998 110
2918.7570000000001 23
2919.1959999999999 27
2919.6579999999999 15
2919.703 21
2920.1799999999998 24
2920.2559999999999 22
2921.1759999999999 26
2921.7509999999997 25
2923.3600000000001 20
2924.3879999999999 21
2924.422 113
2924.703 27
2925.3809999999999 118
2925.4640000000004 23
2926.1170000000002 22
2926.2990000000004 11
2926.5949999999998 26
2928.3440000000001 25
2928.4099999999999 113
2928.6170000000002 20
2929.1300000000001 27
2930.415 24
2931.0429999999997 29
2932.5129999999999 23
2932.752 26
2932.8720000000003 30
2933.473 21
2934.672 29
2935.145 11
2935.3459999999995 25
2936.5590000000002 15
2936.7150000000001 30
2937.3809999999999 111
2937.5679999999998 26
2937.7090000000003 22
2938.0459999999998 29
2938.2820000000002 24
2939.9770000000003 27
2940.3540000000003 21
2940.6030000000001 111
2941.5859999999998 29
2942.29 26
2942.4720000000002 25
2943.127 22
2944.2199999999998 111
2944.7559999999999 15
2944.7779999999998 21
2945.5429999999997 27
2946.0540000000001 23
2946.143 24
2948.3850000000002 25
2948.6570000000002 22
2949.7729999999997 16
2949.8000000000002 111
2951.3590000000004 24
2951.636 23
2953.4450000000002 25
2953.7550000000001 21
2955.4629999999997 27
2955.9780000000001 22
2958.2170000000001 24
2958.2750000000001 23
2958.5359999999996 26
2958.873 115
2960.011 25
2960.9780000000001 113
2961.0890000000004 22
2962.047 118
2963.8040000000001 26
2964.2570000000001 115
2964.2979999999998 3
2965.328 113
2967.0279999999998 114
2967.7040000000002 22
2967.75 117
2968.0709999999999 25
2968.6320000000001 26
2968.6859999999997 24
2970.308 112
2971.0279999999998 111
2971.308 114
2971.7429999999999 27
2972.8579999999997 26
2973.3420000000001 22
2973.652 119
2973.75 25
2973.7759999999998 13
2975.366 7
2975.4159999999997 24
2976.442 27
2976.6149999999998 29
2976.7129999999997 23
2977.6500000000001 25
2977.7190000000001 22
2978.3530000000001 16
2980.163 29
2980.2550000000001 26
2980.6700000000001 27
2982.067 25
2982.9159999999997 19
2982.9959999999996 22
2983.3150000000001 116
2983.4740000000002 29
2983.6640000000002 24
2984.7849999999999 26
2984.9279999999999 110
2986.377 116
2987.085 29
2987.6579999999999 19
2988.6559999999999 27
2988.873 22
2989.5320000000002 116
2989.614 26
2989.8699999999999 25
2990.0149999999999 23
2990.0959999999995 54
2990.2209999999995 110
2991.3000000000002 19
2992.0340000000001 24
2992.7890000000002 27
2993.0740000000001 116
2993.1929999999998 22
2994.4459999999999 0
2995.163 19
2995.239 54
2995.4109999999996 13
2995.9690000000001 26
2996.4479999999999 25
2996.837 27
2997.6979999999999 16
