102.850 0
90.879 10
130.455 10
167.300 10
251.775 1
307.581 10
477.375 1
409.932 10
597.350 0
620.250 0
522.525 4
556.275 4
572.925 5
587.400 5
601.175 5
611.900 5
569.475 10
594.884 10
542.315 11
551.270 11
579.760 11
600.644 11
644.800 0
682.750 0
645.100 1
669.475 1
694.550 1
654.325 2
687.500 2
703.300 2
734.375 2
661.425 3
671.825 3
680.725 3
704.175 3
735.550 4
627.925 5
642.250 5
670.775 5
627.102 10
649.463 10
665.047 10
681.808 10
847.000 0
756.325 1
754.300 4
779.800 4
848.050 5
814.977 10
864.414 10
818.570 11
862.753 11
883.700 0
942.850 1
968.275 1
906.775 2
929.175 2
956.050 2
899.425 3
960.925 3
974.150 4
987.250 4
879.375 5
894.575 5
882.245 10
905.109 10
924.881 10
1101.550 5
1109.897 10
1059.635 11
1080.301 11
1121.849 11
1128.225 0
1154.075 0
1172.150 1
1202.750 1
1174.700 2
1218.375 2
1238.450 2
1177.950 3
1199.000 3
1241.050 4
1135.425 5
1127.748 10
1156.125 10
1189.759 10
1361.250 0
1264.275 4
1354.825 5
1364.993 10
1304.999 11
1326.520 11
1353.147 11
1389.725 0
1431.650 1
1435.825 2
1447.500 2
1476.650 2
1408.900 3
1427.775 3
1454.600 3
1473.450 3
1399.600 5
1386.619 10
1413.316 10
1620.350 0
1505.550 4
1598.325 5
1613.725 5
1624.348 10
1562.348 11
1586.046 11
1692.150 1
1719.150 1
1691.025 2
1704.850 2
1664.175 3
1693.500 3
1738.650 4
1654.544 10
1676.083 10
1770.625 4
1844.150 5
1866.550 5
1865.328 10
1786.732 11
1835.953 11
1879.450 0
1898.325 0
1939.075 1
1927.325 2
1938.200 2
1972.050 2
1917.575 3
1939.800 3
1998.075 4
1887.458 10
1910.673 10
2115.975 0
2030.350 4
2092.775 5
2117.875 5
2106.471 10
2058.837 11
2085.574 11
2154.000 0
2164.075 1
2189.175 1
2217.750 1
2167.725 2
2188.200 2
2209.025 2
2225.200 2
2164.250 3
2200.300 3
2217.175 3
2206.700 4
2225.450 4
2132.734 10
2159.408 10
2131.303 11
2350.000 0
2256.500 4
2287.300 4
2370.776 10
2341.873 11
2399.500 0
2430.075 1
2465.300 1
2443.125 2
2472.675 2
2402.625 3
2412.100 3
2459.325 3
2471.675 3
2461.900 4
2410.124 10
2384.482 11
2526.150 4
2585.700 5
2614.464 10
2559.147 11
2596.491 11
2700.425 1
2649.850 3
2668.325 3
2733.350 3
2638.517 10
2660.861 10
2677.919 10
2854.925 0
2767.700 4
2831.825 5
2856.600 5
2821.111 10
2851.655 10
2871.942 10
2806.578 11
2824.153 11
2842.475 11
2885.025 0
2921.275 0
2929.200 1
2948.450 1
2974.225 1
2917.700 2
2942.750 2
2960.975 2
2948.750 3
2968.275 3
2973.375 4
2882.666 10
2911.256 10
2947.730 10
