492.200 1
90.879 10
130.455 10
167.300 10
307.581 10
409.932 10
598.700 0
624.100 0
655.000 0
848.700 0
891.300 0
660.400 1
692.200 1
757.300 1
954.400 1
655.100 2
688.900 2
705.300 2
748.600 2
907.500 2
929.800 2
956.600 2
662.200 3
672.500 3
682.100 3
704.700 3
903.300 3
967.900 3
524.400 4
559.200 4
738.600 4
762.800 4
984.000 4
574.100 5
588.400 5
602.300 5
614.700 5
629.900 5
664.400 5
848.500 5
880.100 5
569.475 10
594.884 10
626.101 10
649.463 10
665.047 10
681.808 10
814.977 10
864.414 10
882.245 10
905.109 10
924.881 10
542.315 11
551.270 11
579.760 11
600.644 11
818.570 11
862.753 11
1149.400 0
1362.200 0
1406.700 0
1174.600 1
1432.800 1
1175.200 2
1220.300 2
1238.400 2
1437.100 2
1448.400 2
1478.800 2
1178.200 3
1199.500 3
1409.200 3
1428.900 3
1455.100 3
1473.700 3
1240.700 4
1263.900 4
1100.600 5
1136.000 5
1355.200 5
1400.900 5
1109.897 10
1127.748 10
1156.125 10
1189.759 10
1364.993 10
1386.619 10
1413.316 10
1059.635 11
1080.301 11
1121.849 11
1304.999 11
1326.520 11
1353.147 11
1628.500 0
1881.700 0
1901.100 0
1695.800 1
1727.700 1
1976.100 1
1691.300 2
1705.400 2
1928.300 2
1938.700 2
1972.400 2
1680.800 3
1690.800 3
1918.000 3
1941.300 3
1505.800 4
1739.500 4
1771.100 4
1998.400 4
1599.500 5
1844.100 5
1868.800 5
1624.348 10
1654.544 10
1676.083 10
1865.328 10
1887.458 10
1910.673 10
1562.348 11
1586.046 11
1786.732 11
1835.953 11
2120.600 0
2158.300 0
2371.200 0
2182.400 1
2217.600 1
2432.400 1
2168.000 2
2188.200 2
2209.700 2
2227.100 2
2444.000 2
2473.200 2
2164.700 3
2204.800 3
2217.100 3
2403.100 3
2412.700 3
2459.900 3
2472.000 3
2031.100 4
2207.800 4
2229.500 4
2287.300 4
2462.900 4
2092.900 5
2385.500 5
2106.471 10
2132.734 10
2159.408 10
2375.135 10
2410.213 10
2058.837 11
2085.574 11
2131.303 11
2341.873 11
2384.482 11
2857.500 0
2894.100 0
2701.700 1
2935.400 1
2963.500 1
2918.200 2
2943.600 2
2961.500 2
2650.500 3
2668.500 3
2949.200 3
2968.700 3
2534.600 4
2768.200 4
2975.000 4
2586.200 5
2832.700 5
2856.900 5
2614.464 10
2638.517 10
2660.861 10
2677.919 10
2821.111 10
2851.655 10
2871.942 10
2882.666 10
2911.256 10
2947.730 10
2559.147 11
2596.491 11
2806.578 11
2824.153 11
2842.475 11
